   2.1992805755395684E+08   0.0000000000000000   0.0000000000000000  -2.1992805755395684E+08   0.0000000000000000   0.0000000000000000   0.0000000000000000   6.8540601524251565E+07   4.7635718059354834E+07   0.0000000000000000  -6.8540601524251565E+07   4.7635718059354834E+07   0.0000000000000000   4.7635718059354834E+07   1.4082624851168326E+08   0.0000000000000000  -4.7635718059354834E+07  -7.4612600409180045E+07  -2.1992805755395684E+08   0.0000000000000000   0.0000000000000000   2.1992805755395684E+08   0.0000000000000000   0.0000000000000000   0.0000000000000000  -6.8540601524251565E+07  -4.7635718059354834E+07   0.0000000000000000   6.8540601524251565E+07  -4.7635718059354834E+07   0.0000000000000000   4.7635718059354834E+07  -7.4612600409180045E+07   0.0000000000000000  -4.7635718059354834E+07   1.4082624851168326E+08
   1.0000000000000000   0.0000000000000000   0.0000000000000000   0.0000000000000000   0.0000000000000000   0.0000000000000000  -0.0000000000000000   1.0000000000000000   0.0000000000000000   0.0000000000000000   0.0000000000000000   0.0000000000000000   0.0000000000000000   0.0000000000000000   1.0000000000000000   0.0000000000000000   0.0000000000000000   0.0000000000000000   0.0000000000000000   0.0000000000000000   0.0000000000000000   1.0000000000000000   0.0000000000000000   0.0000000000000000   0.0000000000000000   0.0000000000000000   0.0000000000000000  -0.0000000000000000   1.0000000000000000   0.0000000000000000   0.0000000000000000   0.0000000000000000   0.0000000000000000   0.0000000000000000   0.0000000000000000   1.0000000000000000
   0.0000000000000000   0.0000000000000000   0.0000000000000000   0.0000000000000000   0.0000000000000000   0.0000000000000000
   2.0848920863309354E+08   0.0000000000000000   0.0000000000000000  -2.0848920863309354E+08   0.0000000000000000   0.0000000000000000   0.0000000000000000   6.4243928610860899E+07   4.4649530384548329E+07   0.0000000000000000  -6.4243928610860899E+07   4.4649530384548329E+07   0.0000000000000000   4.4649530384548329E+07   1.2293070419280066E+08   0.0000000000000000  -4.4649530384548329E+07  -6.0867856958278492E+07  -2.0848920863309354E+08   0.0000000000000000   0.0000000000000000   2.0848920863309354E+08   0.0000000000000000   0.0000000000000000   0.0000000000000000  -6.4243928610860899E+07  -4.4649530384548329E+07   0.0000000000000000   6.4243928610860899E+07  -4.4649530384548329E+07   0.0000000000000000   4.4649530384548329E+07  -6.0867856958278492E+07   0.0000000000000000  -4.4649530384548329E+07   1.2293070419280066E+08
   1.0000000000000000   0.0000000000000000   0.0000000000000000   0.0000000000000000   0.0000000000000000   0.0000000000000000  -0.0000000000000000   1.0000000000000000   0.0000000000000000   0.0000000000000000   0.0000000000000000   0.0000000000000000   0.0000000000000000   0.0000000000000000   1.0000000000000000   0.0000000000000000   0.0000000000000000   0.0000000000000000   0.0000000000000000   0.0000000000000000   0.0000000000000000   1.0000000000000000   0.0000000000000000   0.0000000000000000   0.0000000000000000   0.0000000000000000   0.0000000000000000  -0.0000000000000000   1.0000000000000000   0.0000000000000000   0.0000000000000000   0.0000000000000000   0.0000000000000000   0.0000000000000000   0.0000000000000000   1.0000000000000000
   0.0000000000000000   0.0000000000000000   0.0000000000000000   0.0000000000000000   0.0000000000000000   0.0000000000000000
   1.9869565217391303E+08   0.0000000000000000   0.0000000000000000  -1.9869565217391303E+08   0.0000000000000000   0.0000000000000000   0.0000000000000000   6.0526093739358127E+07   4.1763004680157125E+07   0.0000000000000000  -6.0526093739358127E+07   4.1763004680157125E+07   0.0000000000000000   4.1763004680157125E+07   1.0709908192496057E+08   0.0000000000000000  -4.1763004680157125E+07  -4.9466135466343731E+07  -1.9869565217391303E+08   0.0000000000000000   0.0000000000000000   1.9869565217391303E+08   0.0000000000000000   0.0000000000000000   0.0000000000000000  -6.0526093739358127E+07  -4.1763004680157125E+07   0.0000000000000000   6.0526093739358127E+07  -4.1763004680157125E+07   0.0000000000000000   4.1763004680157125E+07  -4.9466135466343731E+07   0.0000000000000000  -4.1763004680157125E+07   1.0709908192496057E+08
   1.0000000000000000   0.0000000000000000   0.0000000000000000   0.0000000000000000   0.0000000000000000   0.0000000000000000  -0.0000000000000000   1.0000000000000000   0.0000000000000000   0.0000000000000000   0.0000000000000000   0.0000000000000000   0.0000000000000000   0.0000000000000000   1.0000000000000000   0.0000000000000000   0.0000000000000000   0.0000000000000000   0.0000000000000000   0.0000000000000000   0.0000000000000000   1.0000000000000000   0.0000000000000000   0.0000000000000000   0.0000000000000000   0.0000000000000000   0.0000000000000000  -0.0000000000000000   1.0000000000000000   0.0000000000000000   0.0000000000000000   0.0000000000000000   0.0000000000000000   0.0000000000000000   0.0000000000000000   1.0000000000000000
   0.0000000000000000   0.0000000000000000   0.0000000000000000   0.0000000000000000   0.0000000000000000   0.0000000000000000
   1.8582733812949646E+08   0.0000000000000000   0.0000000000000000  -1.8582733812949646E+08   0.0000000000000000   0.0000000000000000   0.0000000000000000   5.5640343601638861E+07   3.8670038803139001E+07   0.0000000000000000  -5.5640343601638861E+07   3.8670038803139001E+07   0.0000000000000000   3.8670038803139001E+07   9.1947619414224789E+07   0.0000000000000000  -3.8670038803139001E+07  -3.8196265477861583E+07  -1.8582733812949646E+08   0.0000000000000000   0.0000000000000000   1.8582733812949646E+08   0.0000000000000000   0.0000000000000000   0.0000000000000000  -5.5640343601638861E+07  -3.8670038803139001E+07   0.0000000000000000   5.5640343601638861E+07  -3.8670038803139001E+07   0.0000000000000000   3.8670038803139001E+07  -3.8196265477861583E+07   0.0000000000000000  -3.8670038803139001E+07   9.1947619414224789E+07
   1.0000000000000000   0.0000000000000000   0.0000000000000000   0.0000000000000000   0.0000000000000000   0.0000000000000000  -0.0000000000000000   1.0000000000000000   0.0000000000000000   0.0000000000000000   0.0000000000000000   0.0000000000000000   0.0000000000000000   0.0000000000000000   1.0000000000000000   0.0000000000000000   0.0000000000000000   0.0000000000000000   0.0000000000000000   0.0000000000000000   0.0000000000000000   1.0000000000000000   0.0000000000000000   0.0000000000000000   0.0000000000000000   0.0000000000000000   0.0000000000000000  -0.0000000000000000   1.0000000000000000   0.0000000000000000   0.0000000000000000   0.0000000000000000   0.0000000000000000   0.0000000000000000   0.0000000000000000   1.0000000000000000
   0.0000000000000000   0.0000000000000000   0.0000000000000000   0.0000000000000000   0.0000000000000000   0.0000000000000000
   1.7460431654676253E+08   0.0000000000000000   0.0000000000000000  -1.7460431654676253E+08   0.0000000000000000   0.0000000000000000   0.0000000000000000   5.1329316854644418E+07   3.5673875213977881E+07   0.0000000000000000  -5.1329316854644418E+07   3.5673875213977881E+07   0.0000000000000000   3.5673875213977881E+07   7.8685429604649872E+07   0.0000000000000000  -3.5673875213977881E+07  -2.9098743057220597E+07  -1.7460431654676253E+08   0.0000000000000000   0.0000000000000000   1.7460431654676253E+08   0.0000000000000000   0.0000000000000000   0.0000000000000000  -5.1329316854644418E+07  -3.5673875213977881E+07   0.0000000000000000   5.1329316854644418E+07  -3.5673875213977881E+07   0.0000000000000000   3.5673875213977881E+07  -2.9098743057220597E+07   0.0000000000000000  -3.5673875213977881E+07   7.8685429604649872E+07
   1.0000000000000000   0.0000000000000000   0.0000000000000000   0.0000000000000000   0.0000000000000000   0.0000000000000000  -0.0000000000000000   1.0000000000000000   0.0000000000000000   0.0000000000000000   0.0000000000000000   0.0000000000000000   0.0000000000000000   0.0000000000000000   1.0000000000000000   0.0000000000000000   0.0000000000000000   0.0000000000000000   0.0000000000000000   0.0000000000000000   0.0000000000000000   1.0000000000000000   0.0000000000000000   0.0000000000000000   0.0000000000000000   0.0000000000000000   0.0000000000000000  -0.0000000000000000   1.0000000000000000   0.0000000000000000   0.0000000000000000   0.0000000000000000   0.0000000000000000   0.0000000000000000   0.0000000000000000   1.0000000000000000
   0.0000000000000000   0.0000000000000000   0.0000000000000000   0.0000000000000000   0.0000000000000000   0.0000000000000000
   1.5410071942446047E+08   0.0000000000000000   0.0000000000000000  -1.5410071942446047E+08   0.0000000000000000   0.0000000000000000   0.0000000000000000   4.3428571753237300E+07   3.0182857368499923E+07   0.0000000000000000  -4.3428571753237300E+07   3.0182857368499923E+07   0.0000000000000000   3.0182857368499923E+07   5.8099388029380828E+07   0.0000000000000000  -3.0182857368499923E+07  -1.6145216287165949E+07  -1.5410071942446047E+08   0.0000000000000000   0.0000000000000000   1.5410071942446047E+08   0.0000000000000000   0.0000000000000000   0.0000000000000000  -4.3428571753237300E+07  -3.0182857368499923E+07   0.0000000000000000   4.3428571753237300E+07  -3.0182857368499923E+07   0.0000000000000000   3.0182857368499923E+07  -1.6145216287165949E+07   0.0000000000000000  -3.0182857368499923E+07   5.8099388029380828E+07
   1.0000000000000000   0.0000000000000000   0.0000000000000000   0.0000000000000000   0.0000000000000000   0.0000000000000000  -0.0000000000000000   1.0000000000000000   0.0000000000000000   0.0000000000000000   0.0000000000000000   0.0000000000000000   0.0000000000000000   0.0000000000000000   1.0000000000000000   0.0000000000000000   0.0000000000000000   0.0000000000000000   0.0000000000000000   0.0000000000000000   0.0000000000000000   1.0000000000000000   0.0000000000000000   0.0000000000000000   0.0000000000000000   0.0000000000000000   0.0000000000000000  -0.0000000000000000   1.0000000000000000   0.0000000000000000   0.0000000000000000   0.0000000000000000   0.0000000000000000   0.0000000000000000   0.0000000000000000   1.0000000000000000
   0.0000000000000000   0.0000000000000000   0.0000000000000000   0.0000000000000000   0.0000000000000000   0.0000000000000000
   1.5304347826086947E+08   0.0000000000000000   0.0000000000000000  -1.5304347826086947E+08   0.0000000000000000   0.0000000000000000   0.0000000000000000   4.2999668264510065E+07   2.9669771102511965E+07   0.0000000000000000  -4.2999668264510065E+07   2.9669771102511965E+07   0.0000000000000000   2.9669771102511965E+07   5.6233011625950627E+07   0.0000000000000000  -2.9669771102511965E+07  -1.5288727504484104E+07  -1.5304347826086947E+08   0.0000000000000000   0.0000000000000000   1.5304347826086947E+08   0.0000000000000000   0.0000000000000000   0.0000000000000000  -4.2999668264510065E+07  -2.9669771102511965E+07   0.0000000000000000   4.2999668264510065E+07  -2.9669771102511965E+07   0.0000000000000000   2.9669771102511965E+07  -1.5288727504484104E+07   0.0000000000000000  -2.9669771102511965E+07   5.6233011625950627E+07
   1.0000000000000000   0.0000000000000000   0.0000000000000000   0.0000000000000000   0.0000000000000000   0.0000000000000000  -0.0000000000000000   1.0000000000000000   0.0000000000000000   0.0000000000000000   0.0000000000000000   0.0000000000000000   0.0000000000000000   0.0000000000000000   1.0000000000000000   0.0000000000000000   0.0000000000000000   0.0000000000000000   0.0000000000000000   0.0000000000000000   0.0000000000000000   1.0000000000000000   0.0000000000000000   0.0000000000000000   0.0000000000000000   0.0000000000000000   0.0000000000000000  -0.0000000000000000   1.0000000000000000   0.0000000000000000   0.0000000000000000   0.0000000000000000   0.0000000000000000   0.0000000000000000   0.0000000000000000   1.0000000000000000
   0.0000000000000000   0.0000000000000000   0.0000000000000000   0.0000000000000000   0.0000000000000000   0.0000000000000000
   1.4050359712230226E+08   0.0000000000000000   0.0000000000000000  -1.4050359712230226E+08   0.0000000000000000   0.0000000000000000   0.0000000000000000   3.8134482790120006E+07   2.6503465539133381E+07   0.0000000000000000  -3.8134482790120006E+07   2.6503465539133381E+07   0.0000000000000000   2.6503465539133381E+07   4.6542210707971089E+07   0.0000000000000000  -2.6503465539133381E+07  -9.7023936085757222E+06  -1.4050359712230226E+08   0.0000000000000000   0.0000000000000000   1.4050359712230226E+08   0.0000000000000000   0.0000000000000000   0.0000000000000000  -3.8134482790120006E+07  -2.6503465539133381E+07   0.0000000000000000   3.8134482790120006E+07  -2.6503465539133381E+07   0.0000000000000000   2.6503465539133381E+07  -9.7023936085757222E+06   0.0000000000000000  -2.6503465539133381E+07   4.6542210707971089E+07
   1.0000000000000000   0.0000000000000000   0.0000000000000000   0.0000000000000000   0.0000000000000000   0.0000000000000000  -0.0000000000000000   1.0000000000000000   0.0000000000000000   0.0000000000000000   0.0000000000000000   0.0000000000000000   0.0000000000000000   0.0000000000000000   1.0000000000000000   0.0000000000000000   0.0000000000000000   0.0000000000000000   0.0000000000000000   0.0000000000000000   0.0000000000000000   1.0000000000000000   0.0000000000000000   0.0000000000000000   0.0000000000000000   0.0000000000000000   0.0000000000000000  -0.0000000000000000   1.0000000000000000   0.0000000000000000   0.0000000000000000   0.0000000000000000   0.0000000000000000   0.0000000000000000   0.0000000000000000   1.0000000000000000
   0.0000000000000000   0.0000000000000000   0.0000000000000000   0.0000000000000000   0.0000000000000000   0.0000000000000000
   9.9699999999999981E+06   0.0000000000000000   0.0000000000000000  -9.9699999999999981E+06   0.0000000000000000   0.0000000000000000   0.0000000000000000   3.3315696470311185E+05   9.9947089410933584E+05   0.0000000000000000  -3.3315696470311185E+05   9.9947089410933584E+05   0.0000000000000000   9.9947089410933584E+05   5.7684126823280072E+06   0.0000000000000000  -9.9947089410933584E+05   2.2841268232800870E+05  -9.9699999999999981E+06   0.0000000000000000   0.0000000000000000   9.9699999999999981E+06   0.0000000000000000   0.0000000000000000   0.0000000000000000  -3.3315696470311185E+05  -9.9947089410933584E+05   0.0000000000000000   3.3315696470311185E+05  -9.9947089410933584E+05   0.0000000000000000   9.9947089410933584E+05   2.2841268232800870E+05   0.0000000000000000  -9.9947089410933584E+05   5.7684126823280072E+06
   1.0000000000000000   0.0000000000000000   0.0000000000000000   0.0000000000000000   0.0000000000000000   0.0000000000000000  -0.0000000000000000   1.0000000000000000   0.0000000000000000   0.0000000000000000   0.0000000000000000   0.0000000000000000   0.0000000000000000   0.0000000000000000   1.0000000000000000   0.0000000000000000   0.0000000000000000   0.0000000000000000   0.0000000000000000   0.0000000000000000   0.0000000000000000   1.0000000000000000   0.0000000000000000   0.0000000000000000   0.0000000000000000   0.0000000000000000   0.0000000000000000  -0.0000000000000000   1.0000000000000000   0.0000000000000000   0.0000000000000000   0.0000000000000000   0.0000000000000000   0.0000000000000000   0.0000000000000000   1.0000000000000000
   0.0000000000000000   0.0000000000000000   0.0000000000000000   0.0000000000000000   0.0000000000000000   0.0000000000000000
   2.6008695652173944E+07   0.0000000000000000   0.0000000000000000  -2.6008695652173944E+07   0.0000000000000000   0.0000000000000000   0.0000000000000000   1.2555682012311243E+06   1.4439034314157912E+06   0.0000000000000000  -1.2555682012311243E+06   1.4439034314157912E+06   0.0000000000000000   1.4439034314157912E+06   8.8865759026499055E+06   0.0000000000000000  -1.4439034314157912E+06  -5.5655980103935907E+06  -2.6008695652173944E+07   0.0000000000000000   0.0000000000000000   2.6008695652173944E+07   0.0000000000000000   0.0000000000000000   0.0000000000000000  -1.2555682012311243E+06  -1.4439034314157912E+06   0.0000000000000000   1.2555682012311243E+06  -1.4439034314157912E+06   0.0000000000000000   1.4439034314157912E+06  -5.5655980103935907E+06   0.0000000000000000  -1.4439034314157912E+06   8.8865759026499055E+06
   1.0000000000000000   0.0000000000000000   0.0000000000000000   0.0000000000000000   0.0000000000000000   0.0000000000000000  -0.0000000000000000   1.0000000000000000   0.0000000000000000   0.0000000000000000   0.0000000000000000   0.0000000000000000   0.0000000000000000   0.0000000000000000   1.0000000000000000   0.0000000000000000   0.0000000000000000   0.0000000000000000   0.0000000000000000   0.0000000000000000   0.0000000000000000   1.0000000000000000   0.0000000000000000   0.0000000000000000   0.0000000000000000   0.0000000000000000   0.0000000000000000  -0.0000000000000000   1.0000000000000000   0.0000000000000000   0.0000000000000000   0.0000000000000000   0.0000000000000000   0.0000000000000000   0.0000000000000000   1.0000000000000000
   0.0000000000000000   0.0000000000000000   0.0000000000000000   0.0000000000000000   0.0000000000000000   0.0000000000000000
   8.9283582089552209E+06   0.0000000000000000   0.0000000000000000  -8.9283582089552209E+06   0.0000000000000000   0.0000000000000000   0.0000000000000000   2.7394073056141293E+05   9.1770144738073379E+05   0.0000000000000000  -2.7394073056141293E+05   9.1770144738073379E+05   0.0000000000000000   9.1770144738073379E+05   5.5548968636508333E+06   0.0000000000000000  -9.1770144738073379E+05   5.9370283380008698E+05  -8.9283582089552209E+06   0.0000000000000000   0.0000000000000000   8.9283582089552209E+06   0.0000000000000000   0.0000000000000000   0.0000000000000000  -2.7394073056141293E+05  -9.1770144738073379E+05   0.0000000000000000   2.7394073056141293E+05  -9.1770144738073379E+05   0.0000000000000000   9.1770144738073379E+05   5.9370283380008698E+05   0.0000000000000000  -9.1770144738073379E+05   5.5548968636508333E+06
   1.0000000000000000   0.0000000000000000   0.0000000000000000   0.0000000000000000   0.0000000000000000   0.0000000000000000  -0.0000000000000000   1.0000000000000000   0.0000000000000000   0.0000000000000000   0.0000000000000000   0.0000000000000000   0.0000000000000000   0.0000000000000000   1.0000000000000000   0.0000000000000000   0.0000000000000000   0.0000000000000000   0.0000000000000000   0.0000000000000000   0.0000000000000000   1.0000000000000000   0.0000000000000000   0.0000000000000000   0.0000000000000000   0.0000000000000000   0.0000000000000000  -0.0000000000000000   1.0000000000000000   0.0000000000000000   0.0000000000000000   0.0000000000000000   0.0000000000000000   0.0000000000000000   0.0000000000000000   1.0000000000000000
   0.0000000000000000   0.0000000000000000   0.0000000000000000   0.0000000000000000   0.0000000000000000   0.0000000000000000
   2.6008695652173944E+07   0.0000000000000000   0.0000000000000000  -2.6008695652173944E+07   0.0000000000000000   0.0000000000000000   0.0000000000000000   1.2555682012311243E+06   1.4439034314157912E+06   0.0000000000000000  -1.2555682012311243E+06   1.4439034314157912E+06   0.0000000000000000   1.4439034314157912E+06   8.8865759026499055E+06   0.0000000000000000  -1.4439034314157912E+06  -5.5655980103935907E+06  -2.6008695652173944E+07   0.0000000000000000   0.0000000000000000   2.6008695652173944E+07   0.0000000000000000   0.0000000000000000   0.0000000000000000  -1.2555682012311243E+06  -1.4439034314157912E+06   0.0000000000000000   1.2555682012311243E+06  -1.4439034314157912E+06   0.0000000000000000   1.4439034314157912E+06  -5.5655980103935907E+06   0.0000000000000000  -1.4439034314157912E+06   8.8865759026499055E+06
   1.0000000000000000   0.0000000000000000   0.0000000000000000   0.0000000000000000   0.0000000000000000   0.0000000000000000  -0.0000000000000000   1.0000000000000000   0.0000000000000000   0.0000000000000000   0.0000000000000000   0.0000000000000000   0.0000000000000000   0.0000000000000000   1.0000000000000000   0.0000000000000000   0.0000000000000000   0.0000000000000000   0.0000000000000000   0.0000000000000000   0.0000000000000000   1.0000000000000000   0.0000000000000000   0.0000000000000000   0.0000000000000000   0.0000000000000000   0.0000000000000000  -0.0000000000000000   1.0000000000000000   0.0000000000000000   0.0000000000000000   0.0000000000000000   0.0000000000000000   0.0000000000000000   0.0000000000000000   1.0000000000000000
   0.0000000000000000   0.0000000000000000   0.0000000000000000   0.0000000000000000   0.0000000000000000   0.0000000000000000
   9.9700000000000000E+06   0.0000000000000000   0.0000000000000000  -9.9700000000000000E+06   0.0000000000000000   0.0000000000000000   0.0000000000000000   3.3315696470311203E+05   9.9947089410933608E+05   0.0000000000000000  -3.3315696470311203E+05   9.9947089410933608E+05   0.0000000000000000   9.9947089410933608E+05   5.7684126823280072E+06   0.0000000000000000  -9.9947089410933608E+05   2.2841268232800782E+05  -9.9700000000000000E+06   0.0000000000000000   0.0000000000000000   9.9700000000000000E+06   0.0000000000000000   0.0000000000000000   0.0000000000000000  -3.3315696470311203E+05  -9.9947089410933608E+05   0.0000000000000000   3.3315696470311203E+05  -9.9947089410933608E+05   0.0000000000000000   9.9947089410933608E+05   2.2841268232800782E+05   0.0000000000000000  -9.9947089410933608E+05   5.7684126823280072E+06
   1.0000000000000000   0.0000000000000000   0.0000000000000000   0.0000000000000000   0.0000000000000000   0.0000000000000000  -0.0000000000000000   1.0000000000000000   0.0000000000000000   0.0000000000000000   0.0000000000000000   0.0000000000000000   0.0000000000000000   0.0000000000000000   1.0000000000000000   0.0000000000000000   0.0000000000000000   0.0000000000000000   0.0000000000000000   0.0000000000000000   0.0000000000000000   1.0000000000000000   0.0000000000000000   0.0000000000000000   0.0000000000000000   0.0000000000000000   0.0000000000000000  -0.0000000000000000   1.0000000000000000   0.0000000000000000   0.0000000000000000   0.0000000000000000   0.0000000000000000   0.0000000000000000   0.0000000000000000   1.0000000000000000
   0.0000000000000000   0.0000000000000000   0.0000000000000000   0.0000000000000000   0.0000000000000000   0.0000000000000000
   1.5139534883720937E+08   0.0000000000000000   0.0000000000000000  -1.5139534883720937E+08   0.0000000000000000   0.0000000000000000   0.0000000000000000   4.2373917538033038E+07   2.7331176812031291E+07   0.0000000000000000  -4.2373917538033038E+07   2.7331176812031291E+07   0.0000000000000000   2.7331176812031291E+07   4.7930934625155538E+07   0.0000000000000000  -2.7331176812031291E+07  -1.2673716537635198E+07  -1.5139534883720937E+08   0.0000000000000000   0.0000000000000000   1.5139534883720937E+08   0.0000000000000000   0.0000000000000000   0.0000000000000000  -4.2373917538033038E+07  -2.7331176812031291E+07   0.0000000000000000   4.2373917538033038E+07  -2.7331176812031291E+07   0.0000000000000000   2.7331176812031291E+07  -1.2673716537635198E+07   0.0000000000000000  -2.7331176812031291E+07   4.7930934625155538E+07
   1.0000000000000000   0.0000000000000000   0.0000000000000000   0.0000000000000000   0.0000000000000000   0.0000000000000000  -0.0000000000000000   1.0000000000000000   0.0000000000000000   0.0000000000000000   0.0000000000000000   0.0000000000000000   0.0000000000000000   0.0000000000000000   1.0000000000000000   0.0000000000000000   0.0000000000000000   0.0000000000000000   0.0000000000000000   0.0000000000000000   0.0000000000000000   1.0000000000000000   0.0000000000000000   0.0000000000000000   0.0000000000000000   0.0000000000000000   0.0000000000000000  -0.0000000000000000   1.0000000000000000   0.0000000000000000   0.0000000000000000   0.0000000000000000   0.0000000000000000   0.0000000000000000   0.0000000000000000   1.0000000000000000
   0.0000000000000000   0.0000000000000000   0.0000000000000000   0.0000000000000000   0.0000000000000000   0.0000000000000000
   1.6246153846153793E+08   0.0000000000000000   0.0000000000000000  -1.6246153846153793E+08   0.0000000000000000   0.0000000000000000   0.0000000000000000   4.6647952680348694E+07   3.0321169242226746E+07   0.0000000000000000  -4.6647952680348694E+07   3.0321169242226746E+07   0.0000000000000000   3.0321169242226746E+07   5.7670298468985781E+07   0.0000000000000000  -3.0321169242226746E+07  -1.8252778454090886E+07  -1.6246153846153793E+08   0.0000000000000000   0.0000000000000000   1.6246153846153793E+08   0.0000000000000000   0.0000000000000000   0.0000000000000000  -4.6647952680348694E+07  -3.0321169242226746E+07   0.0000000000000000   4.6647952680348694E+07  -3.0321169242226746E+07   0.0000000000000000   3.0321169242226746E+07  -1.8252778454090886E+07   0.0000000000000000  -3.0321169242226746E+07   5.7670298468985781E+07
   1.0000000000000000   0.0000000000000000   0.0000000000000000   0.0000000000000000   0.0000000000000000   0.0000000000000000  -0.0000000000000000   1.0000000000000000   0.0000000000000000   0.0000000000000000   0.0000000000000000   0.0000000000000000   0.0000000000000000   0.0000000000000000   1.0000000000000000   0.0000000000000000   0.0000000000000000   0.0000000000000000   0.0000000000000000   0.0000000000000000   0.0000000000000000   1.0000000000000000   0.0000000000000000   0.0000000000000000   0.0000000000000000   0.0000000000000000   0.0000000000000000  -0.0000000000000000   1.0000000000000000   0.0000000000000000   0.0000000000000000   0.0000000000000000   0.0000000000000000   0.0000000000000000   0.0000000000000000   1.0000000000000000
   0.0000000000000000   0.0000000000000000   0.0000000000000000   0.0000000000000000   0.0000000000000000   0.0000000000000000
   1.6604651162790710E+08   0.0000000000000000   0.0000000000000000  -1.6604651162790710E+08   0.0000000000000000   0.0000000000000000   0.0000000000000000   4.8050558070386551E+07   3.0992609955399301E+07   0.0000000000000000  -4.8050558070386551E+07   3.0992609955399301E+07   0.0000000000000000   3.0992609955399301E+07   5.9990233421232559E+07   0.0000000000000000  -3.0992609955399301E+07  -2.0009766578767490E+07  -1.6604651162790710E+08   0.0000000000000000   0.0000000000000000   1.6604651162790710E+08   0.0000000000000000   0.0000000000000000   0.0000000000000000  -4.8050558070386551E+07  -3.0992609955399301E+07   0.0000000000000000   4.8050558070386551E+07  -3.0992609955399301E+07   0.0000000000000000   3.0992609955399301E+07  -2.0009766578767490E+07   0.0000000000000000  -3.0992609955399301E+07   5.9990233421232559E+07
   1.0000000000000000   0.0000000000000000   0.0000000000000000   0.0000000000000000   0.0000000000000000   0.0000000000000000  -0.0000000000000000   1.0000000000000000   0.0000000000000000   0.0000000000000000   0.0000000000000000   0.0000000000000000   0.0000000000000000   0.0000000000000000   1.0000000000000000   0.0000000000000000   0.0000000000000000   0.0000000000000000   0.0000000000000000   0.0000000000000000   0.0000000000000000   1.0000000000000000   0.0000000000000000   0.0000000000000000   0.0000000000000000   0.0000000000000000   0.0000000000000000  -0.0000000000000000   1.0000000000000000   0.0000000000000000   0.0000000000000000   0.0000000000000000   0.0000000000000000   0.0000000000000000   0.0000000000000000   1.0000000000000000
   0.0000000000000000   0.0000000000000000   0.0000000000000000   0.0000000000000000   0.0000000000000000   0.0000000000000000
   1.8669230769230810E+08   0.0000000000000000   0.0000000000000000  -1.8669230769230810E+08   0.0000000000000000   0.0000000000000000   0.0000000000000000   5.5958154662165567E+07   3.6372800530407533E+07   0.0000000000000000  -5.5958154662165567E+07   3.6372800530407533E+07   0.0000000000000000   3.6372800530407533E+07   8.1265397267841890E+07   0.0000000000000000  -3.6372800530407533E+07  -3.3980756578312203E+07  -1.8669230769230810E+08   0.0000000000000000   0.0000000000000000   1.8669230769230810E+08   0.0000000000000000   0.0000000000000000   0.0000000000000000  -5.5958154662165567E+07  -3.6372800530407533E+07   0.0000000000000000   5.5958154662165567E+07  -3.6372800530407533E+07   0.0000000000000000   3.6372800530407533E+07  -3.3980756578312203E+07   0.0000000000000000  -3.6372800530407533E+07   8.1265397267841890E+07
   1.0000000000000000   0.0000000000000000   0.0000000000000000   0.0000000000000000   0.0000000000000000   0.0000000000000000  -0.0000000000000000   1.0000000000000000   0.0000000000000000   0.0000000000000000   0.0000000000000000   0.0000000000000000   0.0000000000000000   0.0000000000000000   1.0000000000000000   0.0000000000000000   0.0000000000000000   0.0000000000000000   0.0000000000000000   0.0000000000000000   0.0000000000000000   1.0000000000000000   0.0000000000000000   0.0000000000000000   0.0000000000000000   0.0000000000000000   0.0000000000000000  -0.0000000000000000   1.0000000000000000   0.0000000000000000   0.0000000000000000   0.0000000000000000   0.0000000000000000   0.0000000000000000   0.0000000000000000   1.0000000000000000
   0.0000000000000000   0.0000000000000000   0.0000000000000000   0.0000000000000000   0.0000000000000000   0.0000000000000000
   2.0023255813953501E+08   0.0000000000000000   0.0000000000000000  -2.0023255813953501E+08   0.0000000000000000   0.0000000000000000   0.0000000000000000   6.1120729258971639E+07   3.9422870372036681E+07   0.0000000000000000  -6.1120729258971639E+07   3.9422870372036681E+07   0.0000000000000000   3.9422870372036681E+07   9.5544030459731147E+07   0.0000000000000000  -3.9422870372036681E+07  -4.4688527679803863E+07  -2.0023255813953501E+08   0.0000000000000000   0.0000000000000000   2.0023255813953501E+08   0.0000000000000000   0.0000000000000000   0.0000000000000000  -6.1120729258971639E+07  -3.9422870372036681E+07   0.0000000000000000   6.1120729258971639E+07  -3.9422870372036681E+07   0.0000000000000000   3.9422870372036681E+07  -4.4688527679803863E+07   0.0000000000000000  -3.9422870372036681E+07   9.5544030459731147E+07
   1.0000000000000000   0.0000000000000000   0.0000000000000000   0.0000000000000000   0.0000000000000000   0.0000000000000000  -0.0000000000000000   1.0000000000000000   0.0000000000000000   0.0000000000000000   0.0000000000000000   0.0000000000000000   0.0000000000000000   0.0000000000000000   1.0000000000000000   0.0000000000000000   0.0000000000000000   0.0000000000000000   0.0000000000000000   0.0000000000000000   0.0000000000000000   1.0000000000000000   0.0000000000000000   0.0000000000000000   0.0000000000000000   0.0000000000000000   0.0000000000000000  -0.0000000000000000   1.0000000000000000   0.0000000000000000   0.0000000000000000   0.0000000000000000   0.0000000000000000   0.0000000000000000   0.0000000000000000   1.0000000000000000
   0.0000000000000000   0.0000000000000000   0.0000000000000000   0.0000000000000000   0.0000000000000000   0.0000000000000000
   2.1255813953488389E+08   0.0000000000000000   0.0000000000000000  -2.1255813953488389E+08   0.0000000000000000   0.0000000000000000   0.0000000000000000   6.5767104272219330E+07   4.2419782255581439E+07   0.0000000000000000  -6.5767104272219330E+07   4.2419782255581439E+07   0.0000000000000000   4.2419782255581439E+07   1.1110494560136171E+08   0.0000000000000000  -4.2419782255581439E+07  -5.6383426491661675E+07  -2.1255813953488389E+08   0.0000000000000000   0.0000000000000000   2.1255813953488389E+08   0.0000000000000000   0.0000000000000000   0.0000000000000000  -6.5767104272219330E+07  -4.2419782255581439E+07   0.0000000000000000   6.5767104272219330E+07  -4.2419782255581439E+07   0.0000000000000000   4.2419782255581439E+07  -5.6383426491661675E+07   0.0000000000000000  -4.2419782255581439E+07   1.1110494560136171E+08
   1.0000000000000000   0.0000000000000000   0.0000000000000000   0.0000000000000000   0.0000000000000000   0.0000000000000000  -0.0000000000000000   1.0000000000000000   0.0000000000000000   0.0000000000000000   0.0000000000000000   0.0000000000000000   0.0000000000000000   0.0000000000000000   1.0000000000000000   0.0000000000000000   0.0000000000000000   0.0000000000000000   0.0000000000000000   0.0000000000000000   0.0000000000000000   1.0000000000000000   0.0000000000000000   0.0000000000000000   0.0000000000000000   0.0000000000000000   0.0000000000000000  -0.0000000000000000   1.0000000000000000   0.0000000000000000   0.0000000000000000   0.0000000000000000   0.0000000000000000   0.0000000000000000   0.0000000000000000   1.0000000000000000
   0.0000000000000000   0.0000000000000000   0.0000000000000000   0.0000000000000000   0.0000000000000000   0.0000000000000000
   2.2292307692307618E+08   0.0000000000000000   0.0000000000000000  -2.2292307692307618E+08   0.0000000000000000   0.0000000000000000   0.0000000000000000   6.9674250984032586E+07   4.5288263139621325E+07   0.0000000000000000  -6.9674250984032586E+07   4.5288263139621325E+07   0.0000000000000000   4.5288263139621325E+07   1.2769890950229210E+08   0.0000000000000000  -4.5288263139621325E+07  -6.8824167420784190E+07  -2.2292307692307618E+08   0.0000000000000000   0.0000000000000000   2.2292307692307618E+08   0.0000000000000000   0.0000000000000000   0.0000000000000000  -6.9674250984032586E+07  -4.5288263139621325E+07   0.0000000000000000   6.9674250984032586E+07  -4.5288263139621325E+07   0.0000000000000000   4.5288263139621325E+07  -6.8824167420784190E+07   0.0000000000000000  -4.5288263139621325E+07   1.2769890950229210E+08
   1.0000000000000000   0.0000000000000000   0.0000000000000000   0.0000000000000000   0.0000000000000000   0.0000000000000000  -0.0000000000000000   1.0000000000000000   0.0000000000000000   0.0000000000000000   0.0000000000000000   0.0000000000000000   0.0000000000000000   0.0000000000000000   1.0000000000000000   0.0000000000000000   0.0000000000000000   0.0000000000000000   0.0000000000000000   0.0000000000000000   0.0000000000000000   1.0000000000000000   0.0000000000000000   0.0000000000000000   0.0000000000000000   0.0000000000000000   0.0000000000000000  -0.0000000000000000   1.0000000000000000   0.0000000000000000   0.0000000000000000   0.0000000000000000   0.0000000000000000   0.0000000000000000   0.0000000000000000   1.0000000000000000
   0.0000000000000000   0.0000000000000000   0.0000000000000000   0.0000000000000000   0.0000000000000000   0.0000000000000000
   2.3697674418604666E+08   0.0000000000000000   0.0000000000000000  -2.3697674418604666E+08   0.0000000000000000   0.0000000000000000   0.0000000000000000   7.4918450371747658E+07   4.8322400489777200E+07   0.0000000000000000  -7.4918450371747658E+07   4.8322400489777200E+07   0.0000000000000000   4.8322400489777200E+07   1.4723771575776681E+08   0.0000000000000000  -4.8322400489777200E+07  -8.4901819125954270E+07  -2.3697674418604666E+08   0.0000000000000000   0.0000000000000000   2.3697674418604666E+08   0.0000000000000000   0.0000000000000000   0.0000000000000000  -7.4918450371747658E+07  -4.8322400489777200E+07   0.0000000000000000   7.4918450371747658E+07  -4.8322400489777200E+07   0.0000000000000000   4.8322400489777200E+07  -8.4901819125954270E+07   0.0000000000000000  -4.8322400489777200E+07   1.4723771575776681E+08
   1.0000000000000000   0.0000000000000000   0.0000000000000000   0.0000000000000000   0.0000000000000000   0.0000000000000000  -0.0000000000000000   1.0000000000000000   0.0000000000000000   0.0000000000000000   0.0000000000000000   0.0000000000000000   0.0000000000000000   0.0000000000000000   1.0000000000000000   0.0000000000000000   0.0000000000000000   0.0000000000000000   0.0000000000000000   0.0000000000000000   0.0000000000000000   1.0000000000000000   0.0000000000000000   0.0000000000000000   0.0000000000000000   0.0000000000000000   0.0000000000000000  -0.0000000000000000   1.0000000000000000   0.0000000000000000   0.0000000000000000   0.0000000000000000   0.0000000000000000   0.0000000000000000   0.0000000000000000   1.0000000000000000
   0.0000000000000000   0.0000000000000000   0.0000000000000000   0.0000000000000000   0.0000000000000000   0.0000000000000000
   1.7363207547169812E+07   0.0000000000000000   0.0000000000000000  -1.7363207547169812E+07   0.0000000000000000   0.0000000000000000   0.0000000000000000   9.5916428069211636E+05   4.0668565501345736E+06   0.0000000000000000  -9.5916428069211636E+05   4.0668565501345736E+06   0.0000000000000000   4.0668565501345736E+06   2.4014698187664934E+07   0.0000000000000000  -4.0668565501345736E+06   1.0472245357476253E+07  -1.7363207547169812E+07   0.0000000000000000   0.0000000000000000   1.7363207547169812E+07   0.0000000000000000   0.0000000000000000   0.0000000000000000  -9.5916428069211636E+05  -4.0668565501345736E+06   0.0000000000000000   9.5916428069211636E+05  -4.0668565501345736E+06   0.0000000000000000   4.0668565501345736E+06   1.0472245357476253E+07   0.0000000000000000  -4.0668565501345736E+06   2.4014698187664934E+07
   0.0000000000000000  -1.0000000000000000   0.0000000000000000   0.0000000000000000   0.0000000000000000   0.0000000000000000   1.0000000000000000   0.0000000000000000   0.0000000000000000   0.0000000000000000   0.0000000000000000   0.0000000000000000   0.0000000000000000   0.0000000000000000   1.0000000000000000   0.0000000000000000   0.0000000000000000   0.0000000000000000   0.0000000000000000   0.0000000000000000   0.0000000000000000   0.0000000000000000  -1.0000000000000000   0.0000000000000000   0.0000000000000000   0.0000000000000000   0.0000000000000000   1.0000000000000000   0.0000000000000000   0.0000000000000000   0.0000000000000000   0.0000000000000000   0.0000000000000000   0.0000000000000000   0.0000000000000000   1.0000000000000000
   0.0000000000000000   0.0000000000000000   0.0000000000000000   0.0000000000000000   0.0000000000000000   0.0000000000000000
   2.3697674418604666E+08   0.0000000000000000   0.0000000000000000  -2.3697674418604666E+08   0.0000000000000000   0.0000000000000000   0.0000000000000000   7.4918450371747658E+07   4.8322400489777200E+07   0.0000000000000000  -7.4918450371747658E+07   4.8322400489777200E+07   0.0000000000000000   4.8322400489777200E+07   1.4723771575776681E+08   0.0000000000000000  -4.8322400489777200E+07  -8.4901819125954270E+07  -2.3697674418604666E+08   0.0000000000000000   0.0000000000000000   2.3697674418604666E+08   0.0000000000000000   0.0000000000000000   0.0000000000000000  -7.4918450371747658E+07  -4.8322400489777200E+07   0.0000000000000000   7.4918450371747658E+07  -4.8322400489777200E+07   0.0000000000000000   4.8322400489777200E+07  -8.4901819125954270E+07   0.0000000000000000  -4.8322400489777200E+07   1.4723771575776681E+08
   1.0000000000000000   0.0000000000000000   0.0000000000000000   0.0000000000000000   0.0000000000000000   0.0000000000000000  -0.0000000000000000   1.0000000000000000   0.0000000000000000   0.0000000000000000   0.0000000000000000   0.0000000000000000   0.0000000000000000   0.0000000000000000   1.0000000000000000   0.0000000000000000   0.0000000000000000   0.0000000000000000   0.0000000000000000   0.0000000000000000   0.0000000000000000   1.0000000000000000   0.0000000000000000   0.0000000000000000   0.0000000000000000   0.0000000000000000   0.0000000000000000  -0.0000000000000000   1.0000000000000000   0.0000000000000000   0.0000000000000000   0.0000000000000000   0.0000000000000000   0.0000000000000000   0.0000000000000000   1.0000000000000000
   0.0000000000000000   0.0000000000000000   0.0000000000000000   0.0000000000000000   0.0000000000000000   0.0000000000000000
